1079163077
1098569715
2053714731
1218309653
1888500812
1168318757
1605447591
1452742050
1001959595
1405409779
1011825902
1180810336
1993134267
1837508731
2029334884
1710089802
1174000634
1670858350
1468959171
1061702708
1921387364
1607282549
2119976664
1889499751
2057271053
1178845999
1091755752
1299335285
1434449941
1273531812
1926081791
1613662329
1815757680
1302041361
1974903196
1753343354
1178666974
2093914329
2123438783
1549104856
1316346018
1023853468
1273191201
1841390148
1356626622
2127988865
1568857846
1433144558
1425168808
1487064149
1247677657
1145738998
1293193169
1704817811
1241708844
1491260530
1735923922
1345400960
1710887820
1782198849
1657416942
1731404626
2073345768
2045065348
1533148857
1428176760
1634073546
1126623934
1068942598
1400375496
2012810469
1860326574
2076355825
1338269176
1784114621
1723697080
2032855850
1186123591
1534465159
2138292253
1317303984
1266393958
1739307605
1372802249
1436660186
1512170769
1450756130
1052376362
1871849283
1170379667
2113396751
1446590311
1573191585
1901210007
1685032950
